scenario:
  name: 'Scenario Absolute and Relative'

  overview:  "Sample scenario to test absolute and relative manoeuvre with 2-body propagator."

  prop_type: 2-body

  checkpoints:
    S0:
      id: 0
      state:
        kep:
          a: 7044.12176561
          e: 0.0004725450
          i: 1.71925752363
          w: 0.533974758001
          O: 0.396507390127
          v: 0.0

    S1:
      id: 1
      state:
        kep:
          a: 7070.12176561
          e: 0.000470807298
          i: 1.71925752363
          w: 0.533974758001
          O: 0.396507390127
          v: 0.0

    S2:
      id: 2
      state:
        kep:
          a: 7063.4
          e: 0.000810358645976
          i: 1.71925752363
          O: 0.396507390127
          w: 0.533974758001
          v: 0.0

    S3:
      id: 3
      state:
        lvlh:
          R: [-4.0, 8.0, 0.0]
          V: [0.0, 0.0, 0.0]
      error_ellipsoid: [0.2, 0.5, 0.2]
      manoeuvre: drift

    S4:
      id: 4
      state:
        lvlh:
          R: [0.0, 18.0, 0.0]
          V: [0.0, 0.0, 0.0]
      error_ellipsoid: [0.2, 1.0, 0.2]
      t_min: 3000
      t_max: 3100