scenario:
  name: 'Scenario Camille - Phasing'

  overview:  " 0. Starting from -35km below the target do ARM1.\n
              1. Do ARM2 and CAM2.\n
              2. Do ARM3 to go 2km below the target.\n
              3. Circularization manoeuvre to reach coelliptic orbit. \n"

  keep_out_zone: [0.2, 0.2, 0.2]

  approach_ellipsoid: [0.5, 1.5, 0.5]

  prop_type: 2-body

  checkpoints:
    S0:
      id: 0
      state:
        kep:
          a: 7062.4863
          e: 0.001838196965
          i: 1.71740398396
          O: 5.40353936417
          w: 5.11730536685
          v: 0.0

    S1:
      id: 1
      state:
        kep:
          a: 7074.73485418
          e: 0.001095898676272074
          i: 1.71740398396
          O: 5.40353936417
          w: 5.11730536685
          v: 0.0

    S2:
      id: 2
      state:
        kep:
          a: 7078.98485418
          e: 0.0016956093011816686
          i: 1.71740398396
          O: 5.40353936417
          w: 5.11730536685
          v: 0.0

    S3:
      id: 3
      state:
        kep:
          a: 7086.73485418
          e: 0.0006001625077256966
          i: 1.71740398396
          O: 5.40353936417
          w: 5.117305366851517382135
          v: 0.0

    S4:
      id: 4
      state:
        lvlh:
          R: [-2.0, -10.0, 0.0]
          V: [0.0, 0.0, 0.0]
      error_ellipsoid: [0.3, 0.8, 0.3]
      manoeuvre: drift